0.0 0.0 0.24750375747680664 0.19296365976333618 0.2719877362251282 0.20117682218551636 0.2606235146522522 0.18767040967941284 0.1678590178489685 0.2910863757133484 0.2762105464935303 0.17382436990737915 0.29899340867996216 0.25519323348999023 0.2758590579032898 0.2883176803588867 0.17136281728744507 0.25519323348999023 0.28031206130981445 0.2561523914337158 
0.0 0.0 0.24750375747680664 0.19296365976333618 0.2719877362251282 0.20117682218551636 0.2606235146522522 0.18767040967941284 0.1678590178489685 0.2910863757133484 0.2762105464935303 0.17382436990737915 0.29899340867996216 0.25519323348999023 0.2758590579032898 0.2883176803588867 0.17136281728744507 0.25519323348999023 0.28031206130981445 0.2561523914337158 
0.24750375747680664 0.24750375747680664 0.0 0.2541627287864685 0.18922090530395508 0.21091365814208984 0.17816829681396484 0.2219751477241516 0.23922044038772583 0.21864080429077148 0.19556045532226562 0.2345849871635437 0.2268924117088318 0.16495245695114136 0.197021484375 0.21126216650009155 0.26009541749954224 0.16495245695114136 0.20294100046157837 0.16560298204421997 
0.19296365976333618 0.19296365976333618 0.2541627287864685 0.0 0.28908032178878784 0.23361176252365112 0.28746312856674194 0.22318333387374878 0.20360088348388672 0.31299012899398804 0.29368335008621216 0.20790958404541016 0.3200896382331848 0.273547887802124 0.2974421977996826 0.3106510639190674 0.18135184049606323 0.273547887802124 0.3049491047859192 0.2737734913825989 
0.2719877362251282 0.2719877362251282 0.18922090530395508 0.28908032178878784 0.0 0.23666828870773315 0.16871124505996704 0.24606257677078247 0.2644851803779602 0.18720579147338867 0.06810349225997925 0.2592935562133789 0.19928497076034546 0.17351460456848145 0.16533011198043823 0.18194586038589478 0.2762017250061035 0.17351460456848145 0.17150402069091797 0.17322546243667603 
0.20117682218551636 0.20117682218551636 0.21091365814208984 0.23361176252365112 0.23666828870773315 0.0 0.22897309064865112 0.1671566367149353 0.18989115953445435 0.2563793659210205 0.24100160598754883 0.1825287938117981 0.27070504426956177 0.22044509649276733 0.2431657910346985 0.25678402185440063 0.21073848009109497 0.22044509649276733 0.24579286575317383 0.22073882818222046 
0.2606235146522522 0.2606235146522522 0.17816829681396484 0.28746312856674194 0.16871124505996704 0.22897309064865112 0.0 0.23576956987380981 0.2555214762687683 0.19815897941589355 0.1762681007385254 0.24854010343551636 0.20997923612594604 0.16940069198608398 0.17547672986984253 0.1850232481956482 0.27183419466018677 0.16940069198608398 0.18051719665527344 0.1702721118927002 
0.18767040967941284 0.18767040967941284 0.2219751477241516 0.22318333387374878 0.24606257677078247 0.1671566367149353 0.23576956987380981 0.0 0.13718414306640625 0.268726646900177 0.2519990801811218 0.13743799924850464 0.2778887152671814 0.23107171058654785 0.2490558624267578 0.2651694416999817 0.1992802619934082 0.23107171058654785 0.2534404397010803 0.23135334253311157 
0.1678590178489685 0.1678590178489685 0.23922044038772583 0.20360088348388672 0.2644851803779602 0.18989115953445435 0.2555214762687683 0.13718414306640625 0.0 0.28210020065307617 0.2692459225654602 0.10998082160949707 0.2915487289428711 0.24828797578811646 0.2663922905921936 0.2807057499885559 0.17903012037277222 0.24828797578811646 0.2704641819000244 0.2485508918762207 
0.2910863757133484 0.2910863757133484 0.21864080429077148 0.31299012899398804 0.18720579147338867 0.2563793659210205 0.19815897941589355 0.268726646900177 0.28210020065307617 0.0 0.1824929118156433 0.27434706687927246 0.16956478357315063 0.20585888624191284 0.17954295873641968 0.17028778791427612 0.2987954020500183 0.20585888624191284 0.1766614317893982 0.20635205507278442 
0.2762105464935303 0.2762105464935303 0.19556045532226562 0.29368335008621216 0.06810349225997925 0.24100160598754883 0.1762681007385254 0.2519990801811218 0.2692459225654602 0.1824929118156433 0.0 0.2641260623931885 0.19511771202087402 0.17938381433486938 0.16477543115615845 0.17632317543029785 0.2857854962348938 0.17938381433486938 0.1671009659767151 0.17892980575561523 
0.17382436990737915 0.17382436990737915 0.2345849871635437 0.20790958404541016 0.2592935562133789 0.1825287938117981 0.24854010343551636 0.13743799924850464 0.10998082160949707 0.27434706687927246 0.2641260623931885 0.0 0.28958481550216675 0.24301272630691528 0.2632317543029785 0.27455347776412964 0.18532544374465942 0.24301272630691528 0.2653465270996094 0.24328112602233887 
0.29899340867996216 0.29899340867996216 0.2268924117088318 0.3200896382331848 0.19928497076034546 0.27070504426956177 0.20997923612594604 0.2778887152671814 0.2915487289428711 0.16956478357315063 0.19511771202087402 0.28958481550216675 0.0 0.21765589714050293 0.18968915939331055 0.17923325300216675 0.30825304985046387 0.21765589714050293 0.19008511304855347 0.21729594469070435 
0.25519323348999023 0.25519323348999023 0.16495245695114136 0.273547887802124 0.17351460456848145 0.22044509649276733 0.16940069198608398 0.23107171058654785 0.24828797578811646 0.20585888624191284 0.17938381433486938 0.24301272630691528 0.21765589714050293 0.0 0.18601828813552856 0.20056134462356567 0.2652769684791565 0.0 0.19091320037841797 0.01441192626953125 
0.2758590579032898 0.2758590579032898 0.197021484375 0.2974421977996826 0.16533011198043823 0.2431657910346985 0.17547672986984253 0.2490558624267578 0.2663922905921936 0.17954295873641968 0.16477543115615845 0.2632317543029785 0.18968915939331055 0.18601828813552856 0.0 0.16922694444656372 0.2800806164741516 0.18601828813552856 0.16337180137634277 0.18625348806381226 
0.2883176803588867 0.2883176803588867 0.21126216650009155 0.3106510639190674 0.18194586038589478 0.25678402185440063 0.1850232481956482 0.2651694416999817 0.2807057499885559 0.17028778791427612 0.17632317543029785 0.27455347776412964 0.17923325300216675 0.20056134462356567 0.16922694444656372 0.0 0.2942383289337158 0.20056134462356567 0.16782188415527344 0.20102614164352417 
0.17136281728744507 0.17136281728744507 0.26009541749954224 0.18135184049606323 0.2762017250061035 0.21073848009109497 0.27183419466018677 0.1992802619934082 0.17903012037277222 0.2987954020500183 0.2857854962348938 0.18532544374465942 0.30825304985046387 0.2652769684791565 0.2800806164741516 0.2942383289337158 0.0 0.2652769684791565 0.28865623474121094 0.2655200958251953 
0.25519323348999023 0.25519323348999023 0.16495245695114136 0.273547887802124 0.17351460456848145 0.22044509649276733 0.16940069198608398 0.23107171058654785 0.24828797578811646 0.20585888624191284 0.17938381433486938 0.24301272630691528 0.21765589714050293 0.0 0.18601828813552856 0.20056134462356567 0.2652769684791565 0.0 0.19091320037841797 0.01441192626953125 
0.28031206130981445 0.28031206130981445 0.20294100046157837 0.3049491047859192 0.17150402069091797 0.24579286575317383 0.18051719665527344 0.2534404397010803 0.2704641819000244 0.1766614317893982 0.1671009659767151 0.2653465270996094 0.19008511304855347 0.19091320037841797 0.16337180137634277 0.16782188415527344 0.28865623474121094 0.19091320037841797 0.0 0.19070369005203247 
0.2561523914337158 0.2561523914337158 0.16560298204421997 0.2737734913825989 0.17322546243667603 0.22073882818222046 0.1702721118927002 0.23135334253311157 0.2485508918762207 0.20635205507278442 0.17892980575561523 0.24328112602233887 0.21729594469070435 0.01441192626953125 0.18625348806381226 0.20102614164352417 0.2655200958251953 0.01441192626953125 0.19070369005203247 0.0 
