0.0 0.0 0.24750375747680664 0.19296365976333618 0.2719877362251282 0.20117682218551636 0.2606235146522522 0.18767040967941284 0.1678590178489685 0.2910863757133484 0.2762105464935303 0.17382436990737915 0.29899340867996216 0.25519323348999023 0.2758590579032898 0.2883176803588867 0.17136281728744507 0.25519323348999023 0.28031206130981445 0.2561523914337158 0.2298014760017395 0.2776613235473633 0.2788253426551819 0.33228808641433716 0.2986111640930176 0.2815515398979187 0.21803832054138184 0.31851524114608765 0.3717500567436218 0.33337050676345825 0.31416231393814087 0.3012004494667053 0.3011617660522461 0.21803832054138184 0.3781813979148865 0.31851524114608765 0.3361513018608093 0.31766146421432495 0.20866256952285767 0.30974143743515015 0.31966954469680786 0.24602967500686646 0.2600695490837097 0.32327985763549805 0.2791474461555481 0.15069502592086792 0.2827504277229309 0.2618463635444641 0.1469058394432068 0.2275903820991516 0.2835434079170227 0.3289582133293152 0.3165128827095032 0.2819259762763977 0.2936022877693176 0.25227195024490356 0.2477399706840515 0.29044485092163086 0.28294509649276733 0.3190738558769226 0.32512742280960083 0.3255308270454407 0.26157504320144653 0.25211864709854126 0.295309841632843 0.3241623044013977 0.26067692041397095 0.29762083292007446 0.34839552640914917 0.3363974690437317 0.2787160277366638 0.28456997871398926 0.35999107360839844 0.2628616690635681 0.34839552640914917 0.2761721611022949 0.28456997871398926 0.27275556325912476 0.31340426206588745 0.25443553924560547 
0.0 0.0 0.24750375747680664 0.19296365976333618 0.2719877362251282 0.20117682218551636 0.2606235146522522 0.18767040967941284 0.1678590178489685 0.2910863757133484 0.2762105464935303 0.17382436990737915 0.29899340867996216 0.25519323348999023 0.2758590579032898 0.2883176803588867 0.17136281728744507 0.25519323348999023 0.28031206130981445 0.2561523914337158 0.2298014760017395 0.2776613235473633 0.2788253426551819 0.33228808641433716 0.2986111640930176 0.2815515398979187 0.21803832054138184 0.31851524114608765 0.3717500567436218 0.33337050676345825 0.31416231393814087 0.3012004494667053 0.3011617660522461 0.21803832054138184 0.3781813979148865 0.31851524114608765 0.3361513018608093 0.31766146421432495 0.20866256952285767 0.30974143743515015 0.31966954469680786 0.24602967500686646 0.2600695490837097 0.32327985763549805 0.2791474461555481 0.15069502592086792 0.2827504277229309 0.2618463635444641 0.1469058394432068 0.2275903820991516 0.2835434079170227 0.3289582133293152 0.3165128827095032 0.2819259762763977 0.2936022877693176 0.25227195024490356 0.2477399706840515 0.29044485092163086 0.28294509649276733 0.3190738558769226 0.32512742280960083 0.3255308270454407 0.26157504320144653 0.25211864709854126 0.295309841632843 0.3241623044013977 0.26067692041397095 0.29762083292007446 0.34839552640914917 0.3363974690437317 0.2787160277366638 0.28456997871398926 0.35999107360839844 0.2628616690635681 0.34839552640914917 0.2761721611022949 0.28456997871398926 0.27275556325912476 0.31340426206588745 0.25443553924560547 
0.24750375747680664 0.24750375747680664 0.0 0.2541627287864685 0.18922090530395508 0.21091365814208984 0.17816829681396484 0.2219751477241516 0.23922044038772583 0.21864080429077148 0.19556045532226562 0.2345849871635437 0.2268924117088318 0.16495245695114136 0.197021484375 0.21126216650009155 0.26009541749954224 0.16495245695114136 0.20294100046157837 0.16560298204421997 0.17549318075180054 0.20343846082687378 0.20116639137268066 0.2760302424430847 0.2261602282524109 0.21182769536972046 0.1878705620765686 0.25120729207992554 0.3298811912536621 0.27196890115737915 0.2492542862892151 0.22503584623336792 0.23922759294509888 0.1878705620765686 0.3392178416252136 0.25120729207992554 0.2817828059196472 0.25659769773483276 0.18729382753372192 0.24636882543563843 0.25301671028137207 0.15803974866867065 0.18093746900558472 0.25943297147750854 0.19670480489730835 0.227522611618042 0.20183521509170532 0.16253310441970825 0.23093122243881226 0.1779605746269226 0.20225507020950317 0.27153414487838745 0.2528073787689209 0.1954166293144226 0.22673875093460083 0.1673470139503479 0.15874403715133667 0.20340818166732788 0.20201539993286133 0.2599971890449524 0.26288098096847534 0.2626922130584717 0.18274688720703125 0.16144627332687378 0.21220117807388306 0.2675798535346985 0.1817266345024109 0.2317301630973816 0.29519814252853394 0.2744441032409668 0.21328973770141602 0.19611215591430664 0.30977511405944824 0.18556350469589233 0.29519814252853394 0.2355613112449646 0.19611215591430664 0.2303360104560852 0.2534307837486267 0.1760970950126648 
0.19296365976333618 0.19296365976333618 0.2541627287864685 0.0 0.28908032178878784 0.23361176252365112 0.28746312856674194 0.22318333387374878 0.20360088348388672 0.31299012899398804 0.29368335008621216 0.20790958404541016 0.3200896382331848 0.273547887802124 0.2974421977996826 0.3106510639190674 0.18135184049606323 0.273547887802124 0.3049491047859192 0.2737734913825989 0.2492712140083313 0.30271559953689575 0.3002581000328064 0.34999722242355347 0.3118230700492859 0.31140440702438354 0.23770219087600708 0.33557039499282837 0.38075584173202515 0.34138917922973633 0.3353170156478882 0.3126043677330017 0.3248007297515869 0.23770219087600708 0.3866769075393677 0.33557039499282837 0.3547207713127136 0.33716440200805664 0.2205536961555481 0.3306019902229309 0.3368998169898987 0.26371699571609497 0.2861641049385071 0.3413084149360657 0.29207366704940796 0.21760588884353638 0.2967033386230469 0.2666935920715332 0.2097020149230957 0.24918866157531738 0.2974087595939636 0.34773463010787964 0.3362061381340027 0.29705673456192017 0.3199085593223572 0.28056031465530396 0.2680642008781433 0.2920803427696228 0.29746776819229126 0.3389374613761902 0.3433780074119568 0.34250229597091675 0.2876294255256653 0.27047425508499146 0.29720544815063477 0.34485846757888794 0.2896575927734375 0.32199448347091675 0.3640229105949402 0.35083287954330444 0.31043726205825806 0.2868216633796692 0.3683738112449646 0.2885015606880188 0.3640229105949402 0.32545286417007446 0.2868216633796692 0.3224141597747803 0.33516961336135864 0.2845800518989563 
0.2719877362251282 0.2719877362251282 0.18922090530395508 0.28908032178878784 0.0 0.23666828870773315 0.16871124505996704 0.24606257677078247 0.2644851803779602 0.18720579147338867 0.06810349225997925 0.2592935562133789 0.19928497076034546 0.17351460456848145 0.16533011198043823 0.18194586038589478 0.2762017250061035 0.17351460456848145 0.17150402069091797 0.17322546243667603 0.20646637678146362 0.17153865098953247 0.17085057497024536 0.2500688433647156 0.19834095239639282 0.1821853518486023 0.21836256980895996 0.22535443305969238 0.3133007884025574 0.22376102209091187 0.22319555282592773 0.1981511116027832 0.21089982986450195 0.21836256980895996 0.32387906312942505 0.22535443305969238 0.2559048533439636 0.22852349281311035 0.22749900817871094 0.21927469968795776 0.22779101133346558 0.1866557002067566 0.17372971773147583 0.23424053192138672 0.16874217987060547 0.25312256813049316 0.17013096809387207 0.16688323020935059 0.25712984800338745 0.2082366943359375 0.17206048965454102 0.24823635816574097 0.22616535425186157 0.1720619797706604 0.1977713704109192 0.1839115023612976 0.18525046110153198 0.1813562512397766 0.17238497734069824 0.2343387007713318 0.24166417121887207 0.2370324730873108 0.1716470718383789 0.18038105964660645 0.1921093463897705 0.2424744963645935 0.16982501745224 0.20094698667526245 0.2726864814758301 0.25020819902420044 0.18225687742233276 0.17467349767684937 0.2896350026130676 0.16887551546096802 0.2726864814758301 0.20722216367721558 0.17467349767684937 0.202561616897583 0.22805118560791016 0.1764799952507019 
0.20117682218551636 0.20117682218551636 0.21091365814208984 0.23361176252365112 0.23666828870773315 0.0 0.22897309064865112 0.1671566367149353 0.18989115953445435 0.2563793659210205 0.24100160598754883 0.1825287938117981 0.27070504426956177 0.22044509649276733 0.2431657910346985 0.25678402185440063 0.21073848009109497 0.22044509649276733 0.24579286575317383 0.22073882818222046 0.1872054934501648 0.24793004989624023 0.24685144424438477 0.30885475873947144 0.273082435131073 0.25468283891677856 0.17459869384765625 0.2873392105102539 0.3522389531135559 0.3095487952232361 0.2869992256164551 0.27181577682495117 0.2769816517829895 0.17459869384765625 0.3603302836418152 0.2873392105102539 0.3097779154777527 0.29110097885131836 0.16412949562072754 0.2832992672920227 0.29096412658691406 0.2100391983985901 0.2265138030052185 0.295818567276001 0.24874114990234375 0.18009430170059204 0.2513050436973572 0.2278997302055359 0.1816665530204773 0.18688219785690308 0.2522239089012146 0.306887149810791 0.2906038165092468 0.25038474798202515 0.26643866300582886 0.21512293815612793 0.21086615324020386 0.2564539313316345 0.2525835633277893 0.2954276204109192 0.2994350790977478 0.29848766326904297 0.2279236912727356 0.21549487113952637 0.2656920552253723 0.3014180064201355 0.2295786738395691 0.27085286378860474 0.32715219259262085 0.3104340434074402 0.2569287419319153 0.25429409742355347 0.33520883321762085 0.23023056983947754 0.32715219259262085 0.27430039644241333 0.25429409742355347 0.27034682035446167 0.288801908493042 0.22450512647628784 
0.2606235146522522 0.2606235146522522 0.17816829681396484 0.28746312856674194 0.16871124505996704 0.22897309064865112 0.0 0.23576956987380981 0.2555214762687683 0.19815897941589355 0.1762681007385254 0.24854010343551636 0.20997923612594604 0.16940069198608398 0.17547672986984253 0.1850232481956482 0.27183419466018677 0.16940069198608398 0.18051719665527344 0.1702721118927002 0.20230787992477417 0.07496052980422974 0.17803722620010376 0.25886082649230957 0.20989727973937988 0.18923693895339966 0.21327322721481323 0.23504400253295898 0.3157258629798889 0.25752872228622437 0.23094254732131958 0.21302098035812378 0.21688556671142578 0.21327322721481323 0.3266632556915283 0.23504400253295898 0.26110702753067017 0.2334243655204773 0.22369861602783203 0.12217587232589722 0.23714572191238403 0.17955094575881958 0.16433095932006836 0.24259883165359497 0.1817576289176941 0.2414250373840332 0.18650275468826294 0.16461181640625 0.24249714612960815 0.20122474431991577 0.18726366758346558 0.15079861879348755 0.23641133308410645 0.18604296445846558 0.20372533798217773 0.17333215475082397 0.17638081312179565 0.1972556710243225 0.18793535232543945 0.13610154390335083 0.24738383293151855 0.24629241228103638 0.1631491780281067 0.1743982434272766 0.20659798383712769 0.1961650848388672 0.15956765413284302 0.15647906064987183 0.2793896198272705 0.25941306352615356 0.18987828493118286 0.19136303663253784 0.2975946068763733 0.16253846883773804 0.2793896198272705 0.21376639604568481 0.19136303663253784 0.2084958553314209 0.1801702380180359 0.16334611177444458 
0.18767040967941284 0.18767040967941284 0.2219751477241516 0.22318333387374878 0.24606257677078247 0.1671566367149353 0.23576956987380981 0.0 0.13718414306640625 0.268726646900177 0.2519990801811218 0.13743799924850464 0.2778887152671814 0.23107171058654785 0.2490558624267578 0.2651694416999817 0.1992802619934082 0.23107171058654785 0.2534404397010803 0.23135334253311157 0.19827395677566528 0.2572717070579529 0.25273656845092773 0.3146442770957947 0.2802550792694092 0.2609596252441406 0.18545132875442505 0.297630250453949 0.3540090322494507 0.3152311444282532 0.29357272386550903 0.28180772066116333 0.28580212593078613 0.18545132875442505 0.3616721034049988 0.297630250453949 0.3196749687194824 0.2986988425254822 0.17714577913284302 0.29150646924972534 0.2992907166481018 0.21714162826538086 0.23483777046203613 0.30178314447402954 0.25471049547195435 0.16908246278762817 0.2598304748535156 0.23585659265518188 0.16696816682815552 0.19791936874389648 0.260711133480072 0.31048840284347534 0.2988812327384949 0.2582882046699524 0.2756786346435547 0.22495442628860474 0.2210565209388733 0.2681061625480652 0.26080942153930664 0.30141884088516235 0.3061850070953369 0.30660539865493774 0.23656225204467773 0.22519946098327637 0.27274465560913086 0.3078969120979309 0.23876959085464478 0.2787392735481262 0.3330022692680359 0.3163132071495056 0.2651577591896057 0.262543261051178 0.3411409258842468 0.2394203543663025 0.3330022692680359 0.2835693359375 0.262543261051178 0.279776394367218 0.2959434390068054 0.23308682441711426 
0.1678590178489685 0.1678590178489685 0.23922044038772583 0.20360088348388672 0.2644851803779602 0.18989115953445435 0.2555214762687683 0.13718414306640625 0.0 0.28210020065307617 0.2692459225654602 0.10998082160949707 0.2915487289428711 0.24828797578811646 0.2663922905921936 0.2807057499885559 0.17903012037277222 0.24828797578811646 0.2704641819000244 0.2485508918762207 0.21831494569778442 0.2727239727973938 0.26982420682907104 0.32527559995651245 0.2934792637825012 0.27683037519454956 0.2069094181060791 0.31167179346084595 0.36427247524261475 0.3264548182487488 0.3056899905204773 0.29303693771362305 0.2972697615623474 0.2069094181060791 0.3717224597930908 0.31167179346084595 0.3304860591888428 0.30784177780151367 0.19748520851135254 0.305067777633667 0.31322139501571655 0.23670196533203125 0.25076693296432495 0.3156331181526184 0.2717108130455017 0.1729409098625183 0.2757120132446289 0.25155359506607056 0.16627883911132812 0.21759778261184692 0.27653390169143677 0.3256060481071472 0.3111386299133301 0.2728726267814636 0.28965169191360474 0.24311774969100952 0.2359776496887207 0.2809877395629883 0.2765219211578369 0.31508272886276245 0.3187209963798523 0.31850725412368774 0.25241023302078247 0.24281233549118042 0.2900506854057312 0.32019782066345215 0.255476176738739 0.2935088276863098 0.34257155656814575 0.32870912551879883 0.2804122567176819 0.2780900001525879 0.34950709342956543 0.25606709718704224 0.34257155656814575 0.29608744382858276 0.2780900001525879 0.2928469777107239 0.30950450897216797 0.24755030870437622 
0.2910863757133484 0.2910863757133484 0.21864080429077148 0.31299012899398804 0.18720579147338867 0.2563793659210205 0.19815897941589355 0.268726646900177 0.28210020065307617 0.0 0.1824929118156433 0.27434706687927246 0.16956478357315063 0.20585888624191284 0.17954295873641968 0.17028778791427612 0.2987954020500183 0.20585888624191284 0.1766614317893982 0.20635205507278442 0.2375538945198059 0.1754266619682312 0.17276787757873535 0.22751879692077637 0.17148488759994507 0.1644725799560547 0.2471601366996765 0.19934159517288208 0.292999267578125 0.2245335578918457 0.19610685110092163 0.174624502658844 0.18203729391098022 0.2471601366996765 0.3034026026725769 0.19934159517288208 0.2330789566040039 0.1979846954345703 0.25376254320144653 0.1902896761894226 0.20223361253738403 0.21820473670959473 0.1983463168144226 0.20899909734725952 0.17537373304367065 0.27437037229537964 0.1715850830078125 0.19912052154541016 0.27680444717407227 0.23740482330322266 0.17038494348526 0.22490066289901733 0.20041531324386597 0.1707906723022461 0.1697712540626526 0.2118511199951172 0.2156350016593933 0.1635628342628479 0.1700127124786377 0.20816880464553833 0.21525651216506958 0.21290326118469238 0.19756680727005005 0.21268779039382935 0.16678309440612793 0.21684330701828003 0.1972101330757141 0.17395800352096558 0.25184518098831177 0.22767764329910278 0.17014306783676147 0.1695830225944519 0.26923322677612305 0.1955530047416687 0.25184518098831177 0.17750096321105957 0.1695830225944519 0.17124152183532715 0.19896525144577026 0.20127898454666138 
0.2762105464935303 0.2762105464935303 0.19556045532226562 0.29368335008621216 0.06810349225997925 0.24100160598754883 0.1762681007385254 0.2519990801811218 0.2692459225654602 0.1824929118156433 0.0 0.2641260623931885 0.19511771202087402 0.17938381433486938 0.16477543115615845 0.17632317543029785 0.2857854962348938 0.17938381433486938 0.1671009659767151 0.17892980575561523 0.21326571702957153 0.1698932647705078 0.16479569673538208 0.24701613187789917 0.19432491064071655 0.17607617378234863 0.2242916226387024 0.22138410806655884 0.3099236488342285 0.21656173467636108 0.219670832157135 0.1949121356010437 0.20420074462890625 0.2242916226387024 0.32043027877807617 0.22138410806655884 0.2516966462135315 0.22376471757888794 0.2322993278503418 0.2142810821533203 0.2235298752784729 0.1913900375366211 0.18005681037902832 0.2285059094429016 0.16329127550125122 0.25853341817855835 0.1652510166168213 0.17370843887329102 0.2619031071662903 0.2144959568977356 0.16709041595458984 0.24502283334732056 0.22187083959579468 0.1657673716545105 0.19233781099319458 0.190093994140625 0.19083023071289062 0.17775201797485352 0.16711169481277466 0.22989040613174438 0.23730868101119995 0.23248767852783203 0.17659807205200195 0.18671894073486328 0.18738079071044922 0.23856425285339355 0.17609530687332153 0.1974460482597351 0.2704293131828308 0.24684745073318481 0.1788896918296814 0.1703222393989563 0.287899911403656 0.1738007664680481 0.2704293131828308 0.20135360956192017 0.1703222393989563 0.19729214906692505 0.22323912382125854 0.1813165545463562 
0.17382436990737915 0.17382436990737915 0.2345849871635437 0.20790958404541016 0.2592935562133789 0.1825287938117981 0.24854010343551636 0.13743799924850464 0.10998082160949707 0.27434706687927246 0.2641260623931885 0.0 0.28958481550216675 0.24301272630691528 0.2632317543029785 0.27455347776412964 0.18532544374465942 0.24301272630691528 0.2653465270996094 0.24328112602233887 0.21106702089309692 0.2690560221672058 0.26667213439941406 0.32257479429244995 0.2870643734931946 0.27458858489990234 0.19827896356582642 0.30839234590530396 0.36407023668289185 0.32180124521255493 0.30242443084716797 0.28913360834121704 0.29468393325805664 0.19827896356582642 0.37218356132507324 0.30839234590530396 0.3264186978340149 0.30600088834762573 0.19115352630615234 0.30321216583251953 0.3099749684333801 0.2293141484260559 0.24738198518753052 0.3124074935913086 0.2661728858947754 0.16889095306396484 0.2709023356437683 0.2492925524711609 0.1632225513458252 0.2123921513557434 0.27171260118484497 0.3234630227088928 0.3082825541496277 0.2639309763908386 0.2830861210823059 0.23809814453125 0.2342093586921692 0.2794017791748047 0.27170032262802124 0.31214332580566406 0.3156599998474121 0.3154560923576355 0.2490072250366211 0.23753643035888672 0.28541165590286255 0.31734174489974976 0.2509007453918457 0.29042482376098633 0.3398739695549011 0.32572031021118164 0.27677851915359497 0.2729904055595398 0.34850430488586426 0.2506713271141052 0.3398739695549011 0.2901139259338379 0.2729904055595398 0.2864992022514343 0.3065008521080017 0.2458028793334961 
0.29899340867996216 0.29899340867996216 0.2268924117088318 0.3200896382331848 0.19928497076034546 0.27070504426956177 0.20997923612594604 0.2778887152671814 0.2915487289428711 0.16956478357315063 0.19511771202087402 0.28958481550216675 0.0 0.21765589714050293 0.18968915939331055 0.17923325300216675 0.30825304985046387 0.21765589714050293 0.19008511304855347 0.21729594469070435 0.24721741676330566 0.18661648035049438 0.18567317724227905 0.21550828218460083 0.15994900465011597 0.17612677812576294 0.2567363381385803 0.18632930517196655 0.28647786378860474 0.21310830116271973 0.18405693769454956 0.16133910417556763 0.1692792773246765 0.2567363381385803 0.2981424331665039 0.18632930517196655 0.2233096957206726 0.1885964274406433 0.26569318771362305 0.17981880903244019 0.18889665603637695 0.2283884882926941 0.21185117959976196 0.19538134336471558 0.1888427734375 0.2826468348503113 0.1826959252357483 0.21128511428833008 0.28622132539749146 0.2474239468574524 0.18281561136245728 0.21378058195114136 0.1878398060798645 0.18308907747268677 0.16389483213424683 0.22335785627365112 0.22675174474716187 0.17265939712524414 0.1825118064880371 0.19591546058654785 0.20361781120300293 0.20055747032165527 0.2103118896484375 0.22276145219802856 0.16617053747177124 0.2063276171684265 0.2077348232269287 0.16608190536499023 0.2397618293762207 0.21544694900512695 0.18053579330444336 0.18035602569580078 0.2586701512336731 0.20728808641433716 0.2397618293762207 0.1654052734375 0.18035602569580078 0.16155558824539185 0.1859757900238037 0.21531659364700317 
0.25519323348999023 0.25519323348999023 0.16495245695114136 0.273547887802124 0.17351460456848145 0.22044509649276733 0.16940069198608398 0.23107171058654785 0.24828797578811646 0.20585888624191284 0.17938381433486938 0.24301272630691528 0.21765589714050293 0.0 0.18601828813552856 0.20056134462356567 0.2652769684791565 0.0 0.19091320037841797 0.01441192626953125 0.1836501955986023 0.19176346063613892 0.19099873304367065 0.2667080760002136 0.21142959594726562 0.20048457384109497 0.19625800848007202 0.24148035049438477 0.323976993560791 0.2620862126350403 0.24053853750228882 0.2137000560760498 0.22683364152908325 0.19625800848007202 0.3340134620666504 0.24148035049438477 0.27162790298461914 0.2404477596282959 0.20607537031173706 0.23543977737426758 0.24332720041275024 0.1635933518409729 0.16479825973510742 0.2500572204589844 0.18267083168029785 0.23702114820480347 0.07401895523071289 0.15792661905288696 0.23924535512924194 0.1838933825492859 0.0750303864479065 0.26314955949783325 0.2435007095336914 0.17816323041915894 0.21452146768569946 0.16313928365707397 0.1594906449317932 0.20052272081375122 0.09601753950119019 0.24916702508926392 0.25664544105529785 0.253328800201416 0.16739296913146973 0.15518754720687866 0.20852547883987427 0.258100688457489 0.17018896341323853 0.22090250253677368 0.2860509753227234 0.264667809009552 0.20217829942703247 0.19147032499313354 0.3044607639312744 0.1688334345817566 0.2860509753227234 0.22378426790237427 0.19147032499313354 0.21895718574523926 0.24329763650894165 0.16535872220993042 
0.2758590579032898 0.2758590579032898 0.197021484375 0.2974421977996826 0.16533011198043823 0.2431657910346985 0.17547672986984253 0.2490558624267578 0.2663922905921936 0.17954295873641968 0.16477543115615845 0.2632317543029785 0.18968915939331055 0.18601828813552856 0.0 0.16922694444656372 0.2800806164741516 0.18601828813552856 0.16337180137634277 0.18625348806381226 0.21821212768554688 0.16249799728393555 0.05613774061203003 0.24413150548934937 0.1944682002067566 0.17011147737503052 0.22899645566940308 0.21809500455856323 0.30714064836502075 0.24219292402267456 0.2159101963043213 0.19528943300247192 0.20151287317276 0.22899645566940308 0.31708890199661255 0.21809500455856323 0.24824374914169312 0.21849483251571655 0.23612374067306519 0.21112537384033203 0.22056764364242554 0.19764822721481323 0.17791986465454102 0.22422605752944946 0.16384214162826538 0.25759124755859375 0.1667880415916443 0.17739319801330566 0.26092004776000977 0.21704453229904175 0.1674938201904297 0.241316556930542 0.22028112411499023 0.1668911576271057 0.1884968876838684 0.18739742040634155 0.1946094036102295 0.17678308486938477 0.1675540804862976 0.22583526372909546 0.23055696487426758 0.23063164949417114 0.17485159635543823 0.1911790370941162 0.18625736236572266 0.23320108652114868 0.1726192831993103 0.19396328926086426 0.2673180103302002 0.24592256546020508 0.17517322301864624 0.1696731448173523 0.28222113847732544 0.1726575493812561 0.2673180103302002 0.19808703660964966 0.1696731448173523 0.19262033700942993 0.217959463596344 0.1811816692352295 
0.2883176803588867 0.2883176803588867 0.21126216650009155 0.3106510639190674 0.18194586038589478 0.25678402185440063 0.1850232481956482 0.2651694416999817 0.2807057499885559 0.17028778791427612 0.17632317543029785 0.27455347776412964 0.17923325300216675 0.20056134462356567 0.16922694444656372 0.0 0.2942383289337158 0.20056134462356567 0.16782188415527344 0.20102614164352417 0.23002463579177856 0.1607263684272766 0.16551542282104492 0.23548579216003418 0.18156546354293823 0.165813148021698 0.23918038606643677 0.20292633771896362 0.29913872480392456 0.2337062954902649 0.20458513498306274 0.18190217018127441 0.19213753938674927 0.23918038606643677 0.3075733780860901 0.20292633771896362 0.24074983596801758 0.21037548780441284 0.25240182876586914 0.19393843412399292 0.2043786644935608 0.20962589979171753 0.19358819723129272 0.21435445547103882 0.16979986429214478 0.27014046907424927 0.16614311933517456 0.19443398714065552 0.27209562063217163 0.2312944531440735 0.1654958724975586 0.2261650562286377 0.20311307907104492 0.16754156351089478 0.17877960205078125 0.204694926738739 0.20895224809646606 0.16777372360229492 0.16427141427993774 0.2096993327140808 0.22163993120193481 0.2148001790046692 0.19151753187179565 0.2052263617515564 0.17602354288101196 0.21727627515792847 0.1905975341796875 0.17481452226638794 0.2579585909843445 0.2350122332572937 0.16988706588745117 0.16847437620162964 0.2766614556312561 0.1895034909248352 0.2579585909843445 0.1880442500114441 0.16847437620162964 0.1814904808998108 0.2005465030670166 0.19766360521316528 
0.17136281728744507 0.17136281728744507 0.26009541749954224 0.18135184049606323 0.2762017250061035 0.21073848009109497 0.27183419466018677 0.1992802619934082 0.17903012037277222 0.2987954020500183 0.2857854962348938 0.18532544374465942 0.30825304985046387 0.2652769684791565 0.2800806164741516 0.2942383289337158 0.0 0.2652769684791565 0.28865623474121094 0.2655200958251953 0.2395511269569397 0.2870616316795349 0.28288549184799194 0.3380749821662903 0.30898427963256836 0.2953241467475891 0.22908496856689453 0.32422447204589844 0.37362605333328247 0.3366135358810425 0.31826144456863403 0.3042672276496887 0.3132925033569336 0.22908496856689453 0.3797485828399658 0.32422447204589844 0.34097224473953247 0.32337093353271484 0.2195236086845398 0.31741732358932495 0.3256571888923645 0.254530131816864 0.2700003981590271 0.3268178105354309 0.2896122932434082 0.1941954493522644 0.290619432926178 0.27197885513305664 0.19116002321243286 0.23718470335006714 0.2913796305656433 0.33487558364868164 0.32462459802627563 0.2914884686470032 0.30483609437942505 0.26031821966171265 0.25837308168411255 0.2996485233306885 0.29123955965042114 0.3253931403160095 0.3309173583984375 0.33083295822143555 0.2706871032714844 0.2579900622367859 0.3043287396430969 0.3309003710746765 0.27137917280197144 0.3059389591217041 0.35480207204818726 0.3425237536430359 0.29527831077575684 0.29433512687683105 0.358637273311615 0.2724544405937195 0.35480207204818726 0.30963826179504395 0.29433512687683105 0.3061385154724121 0.3217756152153015 0.26844650506973267 
0.25519323348999023 0.25519323348999023 0.16495245695114136 0.273547887802124 0.17351460456848145 0.22044509649276733 0.16940069198608398 0.23107171058654785 0.24828797578811646 0.20585888624191284 0.17938381433486938 0.24301272630691528 0.21765589714050293 0.0 0.18601828813552856 0.20056134462356567 0.2652769684791565 0.0 0.19091320037841797 0.01441192626953125 0.1836501955986023 0.19176346063613892 0.19099873304367065 0.2667080760002136 0.21142959594726562 0.20048457384109497 0.19625800848007202 0.24148035049438477 0.323976993560791 0.2620862126350403 0.24053853750228882 0.2137000560760498 0.22683364152908325 0.19625800848007202 0.3340134620666504 0.24148035049438477 0.27162790298461914 0.2404477596282959 0.20607537031173706 0.23543977737426758 0.24332720041275024 0.1635933518409729 0.16479825973510742 0.2500572204589844 0.18267083168029785 0.23702114820480347 0.07401895523071289 0.15792661905288696 0.23924535512924194 0.1838933825492859 0.0750303864479065 0.26314955949783325 0.2435007095336914 0.17816323041915894 0.21452146768569946 0.16313928365707397 0.1594906449317932 0.20052272081375122 0.09601753950119019 0.24916702508926392 0.25664544105529785 0.253328800201416 0.16739296913146973 0.15518754720687866 0.20852547883987427 0.258100688457489 0.17018896341323853 0.22090250253677368 0.2860509753227234 0.264667809009552 0.20217829942703247 0.19147032499313354 0.3044607639312744 0.1688334345817566 0.2860509753227234 0.22378426790237427 0.19147032499313354 0.21895718574523926 0.24329763650894165 0.16535872220993042 
0.28031206130981445 0.28031206130981445 0.20294100046157837 0.3049491047859192 0.17150402069091797 0.24579286575317383 0.18051719665527344 0.2534404397010803 0.2704641819000244 0.1766614317893982 0.1671009659767151 0.2653465270996094 0.19008511304855347 0.19091320037841797 0.16337180137634277 0.16782188415527344 0.28865623474121094 0.19091320037841797 0.0 0.19070369005203247 0.2233150601387024 0.16230392456054688 0.16185402870178223 0.24237626791000366 0.19144964218139648 0.1707969307899475 0.23373275995254517 0.21162956953048706 0.3034522533416748 0.2403201460838318 0.21132653951644897 0.1921214461326599 0.19886857271194458 0.23373275995254517 0.31311219930648804 0.21162956953048706 0.24696451425552368 0.21682316064834595 0.2433643937110901 0.20629364252090454 0.2153334617614746 0.20321017503738403 0.18502956628799438 0.22138071060180664 0.1632816195487976 0.26451849937438965 0.16540127992630005 0.18348455429077148 0.2669941782951355 0.22352200746536255 0.16635924577713013 0.2388283610343933 0.2140202522277832 0.16553401947021484 0.18449002504348755 0.19597619771957397 0.20244693756103516 0.17077654600143433 0.16612720489501953 0.22302895784378052 0.22801655530929565 0.2265133261680603 0.18268805742263794 0.1965053677558899 0.18398422002792358 0.23134541511535645 0.1819126009941101 0.18869644403457642 0.2658085227012634 0.2430475354194641 0.17025238275527954 0.1676824688911438 0.279010534286499 0.18101930618286133 0.2658085227012634 0.19658327102661133 0.1676824688911438 0.19117474555969238 0.21536588668823242 0.18660759925842285 
0.2561523914337158 0.2561523914337158 0.16560298204421997 0.2737734913825989 0.17322546243667603 0.22073882818222046 0.1702721118927002 0.23135334253311157 0.2485508918762207 0.20635205507278442 0.17892980575561523 0.24328112602233887 0.21729594469070435 0.01441192626953125 0.18625348806381226 0.20102614164352417 0.2655200958251953 0.01441192626953125 0.19070369005203247 0.0 0.18374156951904297 0.19118762016296387 0.1903565526008606 0.2663615345954895 0.21082496643066406 0.20000511407852173 0.19647914171218872 0.241899311542511 0.32379740476608276 0.26158708333969116 0.24018621444702148 0.21315902471542358 0.22223234176635742 0.19647914171218872 0.33403724431991577 0.241899311542511 0.2716938853263855 0.24094659090042114 0.2063765525817871 0.23460674285888672 0.24415689706802368 0.16392439603805542 0.16455286741256714 0.2510250210762024 0.1830560564994812 0.23729676008224487 0.07309883832931519 0.15800756216049194 0.23951667547225952 0.18376511335372925 0.07514137029647827 0.2636585235595703 0.24344724416732788 0.17719393968582153 0.21610158681869507 0.1636839509010315 0.16000241041183472 0.20041793584823608 0.09584802389144897 0.24834829568862915 0.25637322664260864 0.25365203619003296 0.16710925102233887 0.1555514931678772 0.2081950306892395 0.25548428297042847 0.16947907209396362 0.22054558992385864 0.2850591540336609 0.26627618074417114 0.19986706972122192 0.19115328788757324 0.30455899238586426 0.1699378490447998 0.2850591540336609 0.22384613752365112 0.19115328788757324 0.21886330842971802 0.24199694395065308 0.16402846574783325 
0.2298014760017395 0.2298014760017395 0.17549318075180054 0.2492712140083313 0.20646637678146362 0.1872054934501648 0.20230787992477417 0.19827395677566528 0.21831494569778442 0.2375538945198059 0.21326571702957153 0.21106702089309692 0.24721741676330566 0.1836501955986023 0.21821212768554688 0.23002463579177856 0.2395511269569397 0.1836501955986023 0.2233150601387024 0.18374156951904297 0.0 0.2236802577972412 0.21961647272109985 0.28999394178390503 0.24306058883666992 0.23264926671981812 0.09688472747802734 0.26740187406539917 0.34205615520477295 0.28249412775039673 0.26760751008987427 0.2440144419670105 0.25539785623550415 0.09688472747802734 0.34852904081344604 0.26740187406539917 0.29587632417678833 0.2697303295135498 0.1740681529045105 0.26071590185165405 0.26931697130203247 0.10930794477462769 0.19799232482910156 0.27734875679016113 0.21722102165222168 0.20484685897827148 0.21843546628952026 0.19372177124023438 0.21045684814453125 0.1486385464668274 0.21903496980667114 0.2876666188240051 0.26886993646621704 0.21961021423339844 0.24541527032852173 0.18619585037231445 0.1719265580177307 0.23006170988082886 0.21894770860671997 0.27384376525878906 0.27901697158813477 0.277937114238739 0.200361430644989 0.1333932876586914 0.23552322387695312 0.2829618453979492 0.20391130447387695 0.24758392572402954 0.3087897300720215 0.2901432514190674 0.23372697830200195 0.2234840989112854 0.32323265075683594 0.20210570096969604 0.3087897300720215 0.2530609965324402 0.2234840989112854 0.24922698736190796 0.26803749799728394 0.1976204514503479 
0.2776613235473633 0.2776613235473633 0.20343846082687378 0.30271559953689575 0.17153865098953247 0.24793004989624023 0.07496052980422974 0.2572717070579529 0.2727239727973938 0.1754266619682312 0.1698932647705078 0.2690560221672058 0.18661648035049438 0.19176346063613892 0.16249799728393555 0.1607263684272766 0.2870616316795349 0.19176346063613892 0.16230392456054688 0.19118762016296387 0.2236802577972412 0.0 0.1623671054840088 0.24263995885849 0.18806582689285278 0.16611140966415405 0.23374015092849731 0.21464753150939941 0.3034508228302002 0.23992997407913208 0.20798563957214355 0.19124531745910645 0.19735956192016602 0.23374015092849731 0.3130177855491638 0.21464753150939941 0.24541527032852173 0.2167806625366211 0.24438709020614624 0.10014039278030396 0.21661895513534546 0.20217561721801758 0.1823083758354187 0.22263163328170776 0.16511112451553345 0.25998902320861816 0.16288161277770996 0.18467170000076294 0.26183801889419556 0.224764883518219 0.16443490982055664 0.13136053085327148 0.21558457612991333 0.1639690399169922 0.1834314465522766 0.1960795521736145 0.20139986276626587 0.17323333024978638 0.16478389501571655 0.1151009202003479 0.22753912210464478 0.22696489095687866 0.17858129739761353 0.19728010892868042 0.18233036994934082 0.17994064092636108 0.17814993858337402 0.1386997103691101 0.26220864057540894 0.24050265550613403 0.16886979341506958 0.16959017515182495 0.2799510955810547 0.1756763458251953 0.26220864057540894 0.1930544376373291 0.16959017515182495 0.1874142289161682 0.16349726915359497 0.1835121512413025 
0.2788253426551819 0.2788253426551819 0.20116639137268066 0.3002581000328064 0.17085057497024536 0.24685144424438477 0.17803722620010376 0.25273656845092773 0.26982420682907104 0.17276787757873535 0.16479569673538208 0.26667213439941406 0.18567317724227905 0.19099873304367065 0.05613774061203003 0.16551542282104492 0.28288549184799194 0.19099873304367065 0.16185402870178223 0.1903565526008606 0.21961647272109985 0.1623671054840088 0.0 0.24043017625808716 0.18755275011062622 0.16712075471878052 0.23222190141677856 0.21448367834091187 0.3039166331291199 0.2397773265838623 0.21226882934570312 0.19172793626785278 0.1992512345314026 0.23222190141677856 0.3144552707672119 0.21448367834091187 0.24386286735534668 0.21615105867385864 0.23914200067520142 0.20798331499099731 0.21669870615005493 0.2014053463935852 0.18205028772354126 0.22174644470214844 0.1633918285369873 0.2606325149536133 0.16315412521362305 0.18251252174377441 0.2639109492301941 0.2212398648262024 0.1639249324798584 0.23893660306930542 0.21531915664672852 0.16160917282104492 0.1830635666847229 0.19344693422317505 0.1990789771080017 0.17265892028808594 0.1641581654548645 0.22300243377685547 0.22696000337600708 0.22727197408676147 0.17980653047561646 0.19555407762527466 0.1812923550605774 0.23123282194137573 0.1796920895576477 0.19028043746948242 0.26458483934402466 0.24049979448318481 0.17368084192276 0.16618937253952026 0.27880430221557617 0.17795926332473755 0.26458483934402466 0.19388818740844727 0.16618937253952026 0.18906307220458984 0.21439868211746216 0.18550902605056763 
0.33228808641433716 0.33228808641433716 0.2760302424430847 0.34999722242355347 0.2500688433647156 0.30885475873947144 0.25886082649230957 0.3146442770957947 0.32527559995651245 0.22751879692077637 0.24701613187789917 0.32257479429244995 0.21550828218460083 0.2667080760002136 0.24413150548934937 0.23548579216003418 0.3380749821662903 0.2667080760002136 0.24237626791000366 0.2663615345954895 0.28999394178390503 0.24263995885849 0.24043017625808716 0.0 0.21311014890670776 0.2315879464149475 0.29791003465652466 0.19586068391799927 0.24113041162490845 0.16334247589111328 0.1905950903892517 0.211472749710083 0.2044857144355774 0.29791003465652466 0.2549576759338379 0.19586068391799927 0.1625691056251526 0.1791418194770813 0.3053017258644104 0.198255717754364 0.1925172209739685 0.2755882143974304 0.2519534230232239 0.17662811279296875 0.24197626113891602 0.3199772238731384 0.23787277936935425 0.2619919776916504 0.32209348678588867 0.2916600704193115 0.2373969554901123 0.16491490602493286 0.19475573301315308 0.2383711338043213 0.21830910444259644 0.26692724227905273 0.27486085891723633 0.2281290888786316 0.23726820945739746 0.18095320463180542 0.1744726300239563 0.18313390016555786 0.2501900792121887 0.27074044942855835 0.21973031759262085 0.1710694432258606 0.2573292851448059 0.2150018811225891 0.1871941089630127 0.17260748147964478 0.23313206434249878 0.2344350814819336 0.20853304862976074 0.25650620460510254 0.1871941089630127 0.20859575271606445 0.2344350814819336 0.2132682204246521 0.19026929140090942 0.26108551025390625 
0.2986111640930176 0.2986111640930176 0.2261602282524109 0.3118230700492859 0.19834095239639282 0.273082435131073 0.20989727973937988 0.2802550792694092 0.2934792637825012 0.17148488759994507 0.19432491064071655 0.2870643734931946 0.15994900465011597 0.21142959594726562 0.1944682002067566 0.18156546354293823 0.30898427963256836 0.21142959594726562 0.19144964218139648 0.21082496643066406 0.24306058883666992 0.18806582689285278 0.18755275011062622 0.21311014890670776 0.0 0.17933893203735352 0.25288838148117065 0.18345022201538086 0.2842130661010742 0.2087532877922058 0.18175512552261353 0.12404173612594604 0.16663914918899536 0.25288838148117065 0.2934688925743103 0.18345022201538086 0.21968698501586914 0.1856386661529541 0.2609817385673523 0.17725199460983276 0.1858367919921875 0.2244071364402771 0.21396183967590332 0.19515323638916016 0.18617868423461914 0.2835850119590759 0.17687010765075684 0.2064499855041504 0.28765517473220825 0.2435099482536316 0.17569679021835327 0.21079587936401367 0.1843395233154297 0.18123584985733032 0.16574406623840332 0.22164630889892578 0.2243782877922058 0.16855508089065552 0.174235999584198 0.1946304440498352 0.1998465657234192 0.19739198684692383 0.21293729543685913 0.21960943937301636 0.15885943174362183 0.2035832405090332 0.2116038203239441 0.1626935601234436 0.23827749490737915 0.2141016125679016 0.18152600526809692 0.17788487672805786 0.2576724886894226 0.20950770378112793 0.23827749490737915 0.1624448299407959 0.17788487672805786 0.16287177801132202 0.1826145052909851 0.21771293878555298 
